  0.0000    1    7.500   1.0000          SVOZ
  7.5000    2    7.500   1.0000          SZVO
 15.0000    0    2.500   1.0000          NULL 
 17.5000    3    7.500   1.0000            ZM
 25.0000    1    7.500   1.0000          SVOZ
 32.5000    0    2.500   1.0000          NULL 
 35.0000    1    7.500   1.0000          SVOZ
 42.5000    0    2.500   1.0000          NULL 
 45.0000    3    7.500   1.0000            ZM
 52.5000    3    7.500   1.0000            ZM
 60.0000    3    7.500   1.0000            ZM
 67.5000    4    7.500   1.0000           FIL
 75.0000    2    7.500   1.0000          SZVO
 82.5000    4    7.500   1.0000           FIL
 90.0000    4    7.500   1.0000           FIL
 97.5000    0    2.500   1.0000          NULL 
100.0000    2    7.500   1.0000          SZVO
107.5000    0    5.000   1.0000          NULL 
112.5000    4    7.500   1.0000           FIL
120.0000    0    5.000   1.0000          NULL 
125.0000    2    7.500   1.0000          SZVO
132.5000    3    7.500   1.0000            ZM
140.0000    1    7.500   1.0000          SVOZ
147.5000    0   12.500   1.0000          NULL 
160.0000    2    7.500   1.0000          SZVO
167.5000    1    7.500   1.0000          SVOZ
175.0000    0    2.500   1.0000          NULL 
177.5000    3    7.500   1.0000            ZM
185.0000    0    2.500   1.0000          NULL 
187.5000    2    7.500   1.0000          SZVO
195.0000    3    7.500   1.0000            ZM
202.5000    3    7.500   1.0000            ZM
210.0000    3    7.500   1.0000            ZM
217.5000    3    7.500   1.0000            ZM
225.0000    2    7.500   1.0000          SZVO
232.5000    0    7.500   1.0000          NULL 
240.0000    3    7.500   1.0000            ZM
247.5000    0    5.000   1.0000          NULL 
252.5000    1    7.500   1.0000          SVOZ
260.0000    4    7.500   1.0000           FIL
267.5000    4    7.500   1.0000           FIL
275.0000    1    7.500   1.0000          SVOZ
282.5000    0    7.500   1.0000          NULL 
290.0000    1    7.500   1.0000          SVOZ
297.5000    3    7.500   1.0000            ZM
305.0000    0    2.500   1.0000          NULL 
307.5000    2    7.500   1.0000          SZVO
315.0000    0    2.500   1.0000          NULL 
317.5000    3    7.500   1.0000            ZM
325.0000    0    7.500   1.0000          NULL 
332.5000    4    7.500   1.0000           FIL
340.0000    3    7.500   1.0000            ZM
347.5000    0    2.500   1.0000          NULL 
350.0000    3    7.500   1.0000            ZM
357.5000    0    2.500   1.0000          NULL 
360.0000    3    7.500   1.0000            ZM
367.5000    4    7.500   1.0000           FIL
