  0.0000    1    7.500   1.0000          SVOZ
  7.5000    3    7.500   1.0000            ZM
 15.0000    2    7.500   1.0000          SZVO
 22.5000    0   10.000   1.0000          NULL 
 32.5000    4    7.500   1.0000           FIL
 40.0000    3    7.500   1.0000            ZM
 47.5000    3    7.500   1.0000            ZM
 55.0000    4    7.500   1.0000           FIL
 62.5000    3    7.500   1.0000            ZM
 70.0000    4    7.500   1.0000           FIL
 77.5000    0    5.000   1.0000          NULL 
 82.5000    1    7.500   1.0000          SVOZ
 90.0000    3    7.500   1.0000            ZM
 97.5000    0    2.500   1.0000          NULL 
100.0000    1    7.500   1.0000          SVOZ
107.5000    0    7.500   1.0000          NULL 
115.0000    1    7.500   1.0000          SVOZ
122.5000    0    2.500   1.0000          NULL 
125.0000    2    7.500   1.0000          SZVO
132.5000    0    2.500   1.0000          NULL 
135.0000    3    7.500   1.0000            ZM
142.5000    0    5.000   1.0000          NULL 
147.5000    3    7.500   1.0000            ZM
155.0000    2    7.500   1.0000          SZVO
162.5000    0    5.000   1.0000          NULL 
167.5000    3    7.500   1.0000            ZM
175.0000    1    7.500   1.0000          SVOZ
182.5000    1    7.500   1.0000          SVOZ
190.0000    0    5.000   1.0000          NULL 
195.0000    2    7.500   1.0000          SZVO
202.5000    1    7.500   1.0000          SVOZ
210.0000    4    7.500   1.0000           FIL
217.5000    0    2.500   1.0000          NULL 
220.0000    4    7.500   1.0000           FIL
227.5000    2    7.500   1.0000          SZVO
235.0000    2    7.500   1.0000          SZVO
242.5000    3    7.500   1.0000            ZM
250.0000    3    7.500   1.0000            ZM
257.5000    3    7.500   1.0000            ZM
265.0000    3    7.500   1.0000            ZM
272.5000    0    2.500   1.0000          NULL 
275.0000    3    7.500   1.0000            ZM
282.5000    4    7.500   1.0000           FIL
290.0000    0    2.500   1.0000          NULL 
292.5000    3    7.500   1.0000            ZM
300.0000    4    7.500   1.0000           FIL
307.5000    0    5.000   1.0000          NULL 
312.5000    1    7.500   1.0000          SVOZ
320.0000    2    7.500   1.0000          SZVO
327.5000    0    2.500   1.0000          NULL 
330.0000    4    7.500   1.0000           FIL
337.5000    0    7.500   1.0000          NULL 
345.0000    2    7.500   1.0000          SZVO
352.5000    3    7.500   1.0000            ZM
360.0000    0    7.500   1.0000          NULL 
367.5000    3    7.500   1.0000            ZM
