  0.0000    1    7.500   1.0000          SVOZ
  7.5000    0    5.000   1.0000          NULL 
 12.5000    4    7.500   1.0000           FIL
 20.0000    0    2.500   1.0000          NULL 
 22.5000    2    7.500   1.0000          SZVO
 30.0000    4    7.500   1.0000           FIL
 37.5000    4    7.500   1.0000           FIL
 45.0000    0    5.000   1.0000          NULL 
 50.0000    4    7.500   1.0000           FIL
 57.5000    2    7.500   1.0000          SZVO
 65.0000    4    7.500   1.0000           FIL
 72.5000    4    7.500   1.0000           FIL
 80.0000    3    7.500   1.0000            ZM
 87.5000    0    5.000   1.0000          NULL 
 92.5000    2    7.500   1.0000          SZVO
100.0000    0    2.500   1.0000          NULL 
102.5000    1    7.500   1.0000          SVOZ
110.0000    3    7.500   1.0000            ZM
117.5000    0    7.500   1.0000          NULL 
125.0000    3    7.500   1.0000            ZM
132.5000    3    7.500   1.0000            ZM
140.0000    3    7.500   1.0000            ZM
147.5000    1    7.500   1.0000          SVOZ
155.0000    1    7.500   1.0000          SVOZ
162.5000    3    7.500   1.0000            ZM
170.0000    0    7.500   1.0000          NULL 
177.5000    1    7.500   1.0000          SVOZ
185.0000    0   10.000   1.0000          NULL 
195.0000    1    7.500   1.0000          SVOZ
202.5000    1    7.500   1.0000          SVOZ
210.0000    3    7.500   1.0000            ZM
217.5000    3    7.500   1.0000            ZM
225.0000    1    7.500   1.0000          SVOZ
232.5000    0    7.500   1.0000          NULL 
240.0000    2    7.500   1.0000          SZVO
247.5000    0   10.000   1.0000          NULL 
257.5000    3    7.500   1.0000            ZM
265.0000    2    7.500   1.0000          SZVO
272.5000    3    7.500   1.0000            ZM
280.0000    0    2.500   1.0000          NULL 
282.5000    3    7.500   1.0000            ZM
290.0000    4    7.500   1.0000           FIL
297.5000    3    7.500   1.0000            ZM
305.0000    0    2.500   1.0000          NULL 
307.5000    2    7.500   1.0000          SZVO
315.0000    3    7.500   1.0000            ZM
322.5000    3    7.500   1.0000            ZM
330.0000    0    2.500   1.0000          NULL 
332.5000    2    7.500   1.0000          SZVO
340.0000    2    7.500   1.0000          SZVO
347.5000    0    2.500   1.0000          NULL 
350.0000    3    7.500   1.0000            ZM
357.5000    3    7.500   1.0000            ZM
365.0000    4    7.500   1.0000           FIL
372.5000    0    2.500   1.0000          NULL 
