  0.0000    3    7.500   1.0000            ZM
  7.5000    1    7.500   1.0000          SVOZ
 15.0000    3    7.500   1.0000            ZM
 22.5000    4    7.500   1.0000           FIL
 30.0000    3    7.500   1.0000            ZM
 37.5000    0    2.500   1.0000          NULL 
 40.0000    1    7.500   1.0000          SVOZ
 47.5000    3    7.500   1.0000            ZM
 55.0000    0    2.500   1.0000          NULL 
 57.5000    3    7.500   1.0000            ZM
 65.0000    0    7.500   1.0000          NULL 
 72.5000    2    7.500   1.0000          SZVO
 80.0000    0    2.500   1.0000          NULL 
 82.5000    3    7.500   1.0000            ZM
 90.0000    3    7.500   1.0000            ZM
 97.5000    2    7.500   1.0000          SZVO
105.0000    4    7.500   1.0000           FIL
112.5000    0    2.500   1.0000          NULL 
115.0000    4    7.500   1.0000           FIL
122.5000    1    7.500   1.0000          SVOZ
130.0000    3    7.500   1.0000            ZM
137.5000    4    7.500   1.0000           FIL
145.0000    0   10.000   1.0000          NULL 
155.0000    1    7.500   1.0000          SVOZ
162.5000    2    7.500   1.0000          SZVO
170.0000    0    7.500   1.0000          NULL 
177.5000    2    7.500   1.0000          SZVO
185.0000    0    5.000   1.0000          NULL 
190.0000    4    7.500   1.0000           FIL
197.5000    0    5.000   1.0000          NULL 
202.5000    4    7.500   1.0000           FIL
210.0000    4    7.500   1.0000           FIL
217.5000    0    2.500   1.0000          NULL 
220.0000    3    7.500   1.0000            ZM
227.5000    3    7.500   1.0000            ZM
235.0000    2    7.500   1.0000          SZVO
242.5000    3    7.500   1.0000            ZM
250.0000    3    7.500   1.0000            ZM
257.5000    0    2.500   1.0000          NULL 
260.0000    3    7.500   1.0000            ZM
267.5000    0    5.000   1.0000          NULL 
272.5000    3    7.500   1.0000            ZM
280.0000    2    7.500   1.0000          SZVO
287.5000    0    2.500   1.0000          NULL 
290.0000    2    7.500   1.0000          SZVO
297.5000    0    2.500   1.0000          NULL 
300.0000    4    7.500   1.0000           FIL
307.5000    0    5.000   1.0000          NULL 
312.5000    1    7.500   1.0000          SVOZ
320.0000    1    7.500   1.0000          SVOZ
327.5000    0    7.500   1.0000          NULL 
335.0000    1    7.500   1.0000          SVOZ
342.5000    2    7.500   1.0000          SZVO
350.0000    1    7.500   1.0000          SVOZ
357.5000    3    7.500   1.0000            ZM
365.0000    3    7.500   1.0000            ZM
372.5000    0    2.500   1.0000          NULL 
