  0.0000    2    7.500   1.0000          SZVO
  7.5000    1    7.500   1.0000          SVOZ
 15.0000    0   10.000   1.0000          NULL 
 25.0000    3    7.500   1.0000            ZM
 32.5000    2    7.500   1.0000          SZVO
 40.0000    2    7.500   1.0000          SZVO
 47.5000    3    7.500   1.0000            ZM
 55.0000    4    7.500   1.0000           FIL
 62.5000    0    7.500   1.0000          NULL 
 70.0000    1    7.500   1.0000          SVOZ
 77.5000    3    7.500   1.0000            ZM
 85.0000    3    7.500   1.0000            ZM
 92.5000    2    7.500   1.0000          SZVO
100.0000    0    2.500   1.0000          NULL 
102.5000    4    7.500   1.0000           FIL
110.0000    2    7.500   1.0000          SZVO
117.5000    3    7.500   1.0000            ZM
125.0000    0    2.500   1.0000          NULL 
127.5000    1    7.500   1.0000          SVOZ
135.0000    4    7.500   1.0000           FIL
142.5000    0    5.000   1.0000          NULL 
147.5000    4    7.500   1.0000           FIL
155.0000    0    7.500   1.0000          NULL 
162.5000    4    7.500   1.0000           FIL
170.0000    3    7.500   1.0000            ZM
177.5000    1    7.500   1.0000          SVOZ
185.0000    4    7.500   1.0000           FIL
192.5000    3    7.500   1.0000            ZM
200.0000    3    7.500   1.0000            ZM
207.5000    0    2.500   1.0000          NULL 
210.0000    3    7.500   1.0000            ZM
217.5000    0    5.000   1.0000          NULL 
222.5000    2    7.500   1.0000          SZVO
230.0000    0    7.500   1.0000          NULL 
237.5000    2    7.500   1.0000          SZVO
245.0000    3    7.500   1.0000            ZM
252.5000    0    2.500   1.0000          NULL 
255.0000    3    7.500   1.0000            ZM
262.5000    0    2.500   1.0000          NULL 
265.0000    4    7.500   1.0000           FIL
272.5000    0    2.500   1.0000          NULL 
275.0000    1    7.500   1.0000          SVOZ
282.5000    0    2.500   1.0000          NULL 
285.0000    2    7.500   1.0000          SZVO
292.5000    0    2.500   1.0000          NULL 
295.0000    3    7.500   1.0000            ZM
302.5000    3    7.500   1.0000            ZM
310.0000    3    7.500   1.0000            ZM
317.5000    0    2.500   1.0000          NULL 
320.0000    4    7.500   1.0000           FIL
327.5000    1    7.500   1.0000          SVOZ
335.0000    0    2.500   1.0000          NULL 
337.5000    1    7.500   1.0000          SVOZ
345.0000    0    2.500   1.0000          NULL 
347.5000    1    7.500   1.0000          SVOZ
355.0000    0    2.500   1.0000          NULL 
357.5000    3    7.500   1.0000            ZM
365.0000    3    7.500   1.0000            ZM
372.5000    0    2.500   1.0000          NULL 
