  0.0000    3    7.500   1.0000            ZM
  7.5000    2    7.500   1.0000          SZVO
 15.0000    3    7.500   1.0000            ZM
 22.5000    3    7.500   1.0000            ZM
 30.0000    3    7.500   1.0000            ZM
 37.5000    3    7.500   1.0000            ZM
 45.0000    4    7.500   1.0000           FIL
 52.5000    0    2.500   1.0000          NULL 
 55.0000    4    7.500   1.0000           FIL
 62.5000    3    7.500   1.0000            ZM
 70.0000    0    2.500   1.0000          NULL 
 72.5000    2    7.500   1.0000          SZVO
 80.0000    0    2.500   1.0000          NULL 
 82.5000    3    7.500   1.0000            ZM
 90.0000    0   10.000   1.0000          NULL 
100.0000    1    7.500   1.0000          SVOZ
107.5000    3    7.500   1.0000            ZM
115.0000    2    7.500   1.0000          SZVO
122.5000    3    7.500   1.0000            ZM
130.0000    1    7.500   1.0000          SVOZ
137.5000    0    7.500   1.0000          NULL 
145.0000    1    7.500   1.0000          SVOZ
152.5000    3    7.500   1.0000            ZM
160.0000    3    7.500   1.0000            ZM
167.5000    0    7.500   1.0000          NULL 
175.0000    2    7.500   1.0000          SZVO
182.5000    3    7.500   1.0000            ZM
190.0000    3    7.500   1.0000            ZM
197.5000    2    7.500   1.0000          SZVO
205.0000    4    7.500   1.0000           FIL
212.5000    0    5.000   1.0000          NULL 
217.5000    2    7.500   1.0000          SZVO
225.0000    2    7.500   1.0000          SZVO
232.5000    0    2.500   1.0000          NULL 
235.0000    3    7.500   1.0000            ZM
242.5000    0   10.000   1.0000          NULL 
252.5000    4    7.500   1.0000           FIL
260.0000    1    7.500   1.0000          SVOZ
267.5000    0   10.000   1.0000          NULL 
277.5000    1    7.500   1.0000          SVOZ
285.0000    0    5.000   1.0000          NULL 
290.0000    4    7.500   1.0000           FIL
297.5000    4    7.500   1.0000           FIL
305.0000    2    7.500   1.0000          SZVO
312.5000    1    7.500   1.0000          SVOZ
320.0000    0    2.500   1.0000          NULL 
322.5000    4    7.500   1.0000           FIL
330.0000    0    2.500   1.0000          NULL 
332.5000    1    7.500   1.0000          SVOZ
340.0000    1    7.500   1.0000          SVOZ
347.5000    0    2.500   1.0000          NULL 
350.0000    3    7.500   1.0000            ZM
357.5000    0    2.500   1.0000          NULL 
360.0000    3    7.500   1.0000            ZM
367.5000    4    7.500   1.0000           FIL
