  0.0000    1    7.500   1.0000          SVOZ
  7.5000    3    7.500   1.0000            ZM
 15.0000    0    2.500   1.0000          NULL 
 17.5000    2    7.500   1.0000          SZVO
 25.0000    3    7.500   1.0000            ZM
 32.5000    3    7.500   1.0000            ZM
 40.0000    4    7.500   1.0000           FIL
 47.5000    2    7.500   1.0000          SZVO
 55.0000    2    7.500   1.0000          SZVO
 62.5000    0    2.500   1.0000          NULL 
 65.0000    2    7.500   1.0000          SZVO
 72.5000    0    5.000   1.0000          NULL 
 77.5000    3    7.500   1.0000            ZM
 85.0000    3    7.500   1.0000            ZM
 92.5000    3    7.500   1.0000            ZM
100.0000    3    7.500   1.0000            ZM
107.5000    1    7.500   1.0000          SVOZ
115.0000    0    2.500   1.0000          NULL 
117.5000    4    7.500   1.0000           FIL
125.0000    3    7.500   1.0000            ZM
132.5000    0    2.500   1.0000          NULL 
135.0000    3    7.500   1.0000            ZM
142.5000    1    7.500   1.0000          SVOZ
150.0000    0    2.500   1.0000          NULL 
152.5000    1    7.500   1.0000          SVOZ
160.0000    1    7.500   1.0000          SVOZ
167.5000    0    2.500   1.0000          NULL 
170.0000    4    7.500   1.0000           FIL
177.5000    0    2.500   1.0000          NULL 
180.0000    4    7.500   1.0000           FIL
187.5000    0    5.000   1.0000          NULL 
192.5000    3    7.500   1.0000            ZM
200.0000    0    2.500   1.0000          NULL 
202.5000    1    7.500   1.0000          SVOZ
210.0000    0    7.500   1.0000          NULL 
217.5000    1    7.500   1.0000          SVOZ
225.0000    0    2.500   1.0000          NULL 
227.5000    3    7.500   1.0000            ZM
235.0000    3    7.500   1.0000            ZM
242.5000    3    7.500   1.0000            ZM
250.0000    0    5.000   1.0000          NULL 
255.0000    2    7.500   1.0000          SZVO
262.5000    3    7.500   1.0000            ZM
270.0000    0   12.500   1.0000          NULL 
282.5000    2    7.500   1.0000          SZVO
290.0000    4    7.500   1.0000           FIL
297.5000    2    7.500   1.0000          SZVO
305.0000    0    2.500   1.0000          NULL 
307.5000    1    7.500   1.0000          SVOZ
315.0000    3    7.500   1.0000            ZM
322.5000    0    7.500   1.0000          NULL 
330.0000    2    7.500   1.0000          SZVO
337.5000    0    5.000   1.0000          NULL 
342.5000    4    7.500   1.0000           FIL
350.0000    4    7.500   1.0000           FIL
357.5000    3    7.500   1.0000            ZM
365.0000    0    2.500   1.0000          NULL 
367.5000    4    7.500   1.0000           FIL
