  0.0000    2    7.500   1.0000          SZVO
  7.5000    1    7.500   1.0000          SVOZ
 15.0000    3    7.500   1.0000            ZM
 22.5000    2    7.500   1.0000          SZVO
 30.0000    3    7.500   1.0000            ZM
 37.5000    3    7.500   1.0000            ZM
 45.0000    0    5.000   1.0000          NULL 
 50.0000    1    7.500   1.0000          SVOZ
 57.5000    3    7.500   1.0000            ZM
 65.0000    3    7.500   1.0000            ZM
 72.5000    3    7.500   1.0000            ZM
 80.0000    0    2.500   1.0000          NULL 
 82.5000    4    7.500   1.0000           FIL
 90.0000    0    2.500   1.0000          NULL 
 92.5000    3    7.500   1.0000            ZM
100.0000    4    7.500   1.0000           FIL
107.5000    1    7.500   1.0000          SVOZ
115.0000    2    7.500   1.0000          SZVO
122.5000    2    7.500   1.0000          SZVO
130.0000    0    2.500   1.0000          NULL 
132.5000    3    7.500   1.0000            ZM
140.0000    3    7.500   1.0000            ZM
147.5000    3    7.500   1.0000            ZM
155.0000    0    2.500   1.0000          NULL 
157.5000    3    7.500   1.0000            ZM
165.0000    0    7.500   1.0000          NULL 
172.5000    1    7.500   1.0000          SVOZ
180.0000    0    2.500   1.0000          NULL 
182.5000    3    7.500   1.0000            ZM
190.0000    0    2.500   1.0000          NULL 
192.5000    3    7.500   1.0000            ZM
200.0000    2    7.500   1.0000          SZVO
207.5000    0    2.500   1.0000          NULL 
210.0000    1    7.500   1.0000          SVOZ
217.5000    0   10.000   1.0000          NULL 
227.5000    4    7.500   1.0000           FIL
235.0000    0    2.500   1.0000          NULL 
237.5000    4    7.500   1.0000           FIL
245.0000    0    2.500   1.0000          NULL 
247.5000    1    7.500   1.0000          SVOZ
255.0000    0    5.000   1.0000          NULL 
260.0000    2    7.500   1.0000          SZVO
267.5000    4    7.500   1.0000           FIL
275.0000    0    2.500   1.0000          NULL 
277.5000    3    7.500   1.0000            ZM
285.0000    0    2.500   1.0000          NULL 
287.5000    2    7.500   1.0000          SZVO
295.0000    0    5.000   1.0000          NULL 
300.0000    1    7.500   1.0000          SVOZ
307.5000    0    2.500   1.0000          NULL 
310.0000    4    7.500   1.0000           FIL
317.5000    0    2.500   1.0000          NULL 
320.0000    4    7.500   1.0000           FIL
327.5000    4    7.500   1.0000           FIL
335.0000    0    2.500   1.0000          NULL 
337.5000    2    7.500   1.0000          SZVO
345.0000    3    7.500   1.0000            ZM
352.5000    0    2.500   1.0000          NULL 
355.0000    1    7.500   1.0000          SVOZ
362.5000    0    5.000   1.0000          NULL 
367.5000    3    7.500   1.0000            ZM
