  0.0000    2    7.500   1.0000          SZVO
  7.5000    1    7.500   1.0000          SVOZ
 15.0000    4    7.500   1.0000           FIL
 22.5000    3    7.500   1.0000            ZM
 30.0000    0    5.000   1.0000          NULL 
 35.0000    2    7.500   1.0000          SZVO
 42.5000    0    2.500   1.0000          NULL 
 45.0000    2    7.500   1.0000          SZVO
 52.5000    3    7.500   1.0000            ZM
 60.0000    0    5.000   1.0000          NULL 
 65.0000    3    7.500   1.0000            ZM
 72.5000    3    7.500   1.0000            ZM
 80.0000    3    7.500   1.0000            ZM
 87.5000    2    7.500   1.0000          SZVO
 95.0000    4    7.500   1.0000           FIL
102.5000    0    7.500   1.0000          NULL 
110.0000    3    7.500   1.0000            ZM
117.5000    2    7.500   1.0000          SZVO
125.0000    2    7.500   1.0000          SZVO
132.5000    3    7.500   1.0000            ZM
140.0000    1    7.500   1.0000          SVOZ
147.5000    0    5.000   1.0000          NULL 
152.5000    2    7.500   1.0000          SZVO
160.0000    0    5.000   1.0000          NULL 
165.0000    3    7.500   1.0000            ZM
172.5000    0    2.500   1.0000          NULL 
175.0000    3    7.500   1.0000            ZM
182.5000    0    5.000   1.0000          NULL 
187.5000    3    7.500   1.0000            ZM
195.0000    4    7.500   1.0000           FIL
202.5000    0    5.000   1.0000          NULL 
207.5000    1    7.500   1.0000          SVOZ
215.0000    0    7.500   1.0000          NULL 
222.5000    1    7.500   1.0000          SVOZ
230.0000    1    7.500   1.0000          SVOZ
237.5000    0    2.500   1.0000          NULL 
240.0000    4    7.500   1.0000           FIL
247.5000    4    7.500   1.0000           FIL
255.0000    1    7.500   1.0000          SVOZ
262.5000    0    2.500   1.0000          NULL 
265.0000    3    7.500   1.0000            ZM
272.5000    3    7.500   1.0000            ZM
280.0000    0    2.500   1.0000          NULL 
282.5000    3    7.500   1.0000            ZM
290.0000    3    7.500   1.0000            ZM
297.5000    1    7.500   1.0000          SVOZ
305.0000    3    7.500   1.0000            ZM
312.5000    0    2.500   1.0000          NULL 
315.0000    1    7.500   1.0000          SVOZ
322.5000    0    5.000   1.0000          NULL 
327.5000    3    7.500   1.0000            ZM
335.0000    0    2.500   1.0000          NULL 
337.5000    4    7.500   1.0000           FIL
345.0000    2    7.500   1.0000          SZVO
352.5000    0    2.500   1.0000          NULL 
355.0000    4    7.500   1.0000           FIL
362.5000    0    5.000   1.0000          NULL 
367.5000    4    7.500   1.0000           FIL
