  0.0000    4    7.500   1.0000           FIL
  7.5000    0    7.500   1.0000          NULL 
 15.0000    2    7.500   1.0000          SZVO
 22.5000    0    2.500   1.0000          NULL 
 25.0000    4    7.500   1.0000           FIL
 32.5000    0    2.500   1.0000          NULL 
 35.0000    2    7.500   1.0000          SZVO
 42.5000    3    7.500   1.0000            ZM
 50.0000    4    7.500   1.0000           FIL
 57.5000    2    7.500   1.0000          SZVO
 65.0000    0    5.000   1.0000          NULL 
 70.0000    2    7.500   1.0000          SZVO
 77.5000    2    7.500   1.0000          SZVO
 85.0000    3    7.500   1.0000            ZM
 92.5000    3    7.500   1.0000            ZM
100.0000    3    7.500   1.0000            ZM
107.5000    2    7.500   1.0000          SZVO
115.0000    1    7.500   1.0000          SVOZ
122.5000    0    2.500   1.0000          NULL 
125.0000    1    7.500   1.0000          SVOZ
132.5000    0    7.500   1.0000          NULL 
140.0000    3    7.500   1.0000            ZM
147.5000    0    2.500   1.0000          NULL 
150.0000    2    7.500   1.0000          SZVO
157.5000    0   12.500   1.0000          NULL 
170.0000    1    7.500   1.0000          SVOZ
177.5000    0    2.500   1.0000          NULL 
180.0000    3    7.500   1.0000            ZM
187.5000    4    7.500   1.0000           FIL
195.0000    0    2.500   1.0000          NULL 
197.5000    4    7.500   1.0000           FIL
205.0000    3    7.500   1.0000            ZM
212.5000    4    7.500   1.0000           FIL
220.0000    3    7.500   1.0000            ZM
227.5000    0    2.500   1.0000          NULL 
230.0000    3    7.500   1.0000            ZM
237.5000    4    7.500   1.0000           FIL
245.0000    3    7.500   1.0000            ZM
252.5000    2    7.500   1.0000          SZVO
260.0000    3    7.500   1.0000            ZM
267.5000    0    5.000   1.0000          NULL 
272.5000    3    7.500   1.0000            ZM
280.0000    3    7.500   1.0000            ZM
287.5000    0    2.500   1.0000          NULL 
290.0000    1    7.500   1.0000          SVOZ
297.5000    1    7.500   1.0000          SVOZ
305.0000    0    2.500   1.0000          NULL 
307.5000    1    7.500   1.0000          SVOZ
315.0000    3    7.500   1.0000            ZM
322.5000    3    7.500   1.0000            ZM
330.0000    0    2.500   1.0000          NULL 
332.5000    3    7.500   1.0000            ZM
340.0000    1    7.500   1.0000          SVOZ
347.5000    4    7.500   1.0000           FIL
355.0000    0    5.000   1.0000          NULL 
360.0000    1    7.500   1.0000          SVOZ
367.5000    0    7.500   1.0000          NULL 
