  0.0000    1    7.500   1.0000          SVOZ
  7.5000    0    2.500   1.0000          NULL 
 10.0000    4    7.500   1.0000           FIL
 17.5000    3    7.500   1.0000            ZM
 25.0000    0    2.500   1.0000          NULL 
 27.5000    1    7.500   1.0000          SVOZ
 35.0000    3    7.500   1.0000            ZM
 42.5000    0    2.500   1.0000          NULL 
 45.0000    2    7.500   1.0000          SZVO
 52.5000    1    7.500   1.0000          SVOZ
 60.0000    0    5.000   1.0000          NULL 
 65.0000    4    7.500   1.0000           FIL
 72.5000    3    7.500   1.0000            ZM
 80.0000    3    7.500   1.0000            ZM
 87.5000    0    2.500   1.0000          NULL 
 90.0000    1    7.500   1.0000          SVOZ
 97.5000    1    7.500   1.0000          SVOZ
105.0000    3    7.500   1.0000            ZM
112.5000    4    7.500   1.0000           FIL
120.0000    3    7.500   1.0000            ZM
127.5000    2    7.500   1.0000          SZVO
135.0000    0    5.000   1.0000          NULL 
140.0000    4    7.500   1.0000           FIL
147.5000    2    7.500   1.0000          SZVO
155.0000    0    2.500   1.0000          NULL 
157.5000    2    7.500   1.0000          SZVO
165.0000    0    2.500   1.0000          NULL 
167.5000    1    7.500   1.0000          SVOZ
175.0000    3    7.500   1.0000            ZM
182.5000    3    7.500   1.0000            ZM
190.0000    3    7.500   1.0000            ZM
197.5000    4    7.500   1.0000           FIL
205.0000    3    7.500   1.0000            ZM
212.5000    1    7.500   1.0000          SVOZ
220.0000    4    7.500   1.0000           FIL
227.5000    0    5.000   1.0000          NULL 
232.5000    3    7.500   1.0000            ZM
240.0000    0    2.500   1.0000          NULL 
242.5000    3    7.500   1.0000            ZM
250.0000    0   12.500   1.0000          NULL 
262.5000    2    7.500   1.0000          SZVO
270.0000    0   12.500   1.0000          NULL 
282.5000    3    7.500   1.0000            ZM
290.0000    0    5.000   1.0000          NULL 
295.0000    2    7.500   1.0000          SZVO
302.5000    4    7.500   1.0000           FIL
310.0000    2    7.500   1.0000          SZVO
317.5000    0    2.500   1.0000          NULL 
320.0000    3    7.500   1.0000            ZM
327.5000    4    7.500   1.0000           FIL
335.0000    1    7.500   1.0000          SVOZ
342.5000    0    5.000   1.0000          NULL 
347.5000    2    7.500   1.0000          SZVO
355.0000    0    2.500   1.0000          NULL 
357.5000    3    7.500   1.0000            ZM
365.0000    0    2.500   1.0000          NULL 
367.5000    3    7.500   1.0000            ZM
