  0.0000    1    7.500   1.0000          SVOZ
  7.5000    0    5.000   1.0000          NULL 
 12.5000    3    7.500   1.0000            ZM
 20.0000    0    2.500   1.0000          NULL 
 22.5000    1    7.500   1.0000          SVOZ
 30.0000    0    2.500   1.0000          NULL 
 32.5000    2    7.500   1.0000          SZVO
 40.0000    2    7.500   1.0000          SZVO
 47.5000    4    7.500   1.0000           FIL
 55.0000    2    7.500   1.0000          SZVO
 62.5000    3    7.500   1.0000            ZM
 70.0000    0    7.500   1.0000          NULL 
 77.5000    2    7.500   1.0000          SZVO
 85.0000    0    5.000   1.0000          NULL 
 90.0000    1    7.500   1.0000          SVOZ
 97.5000    0    2.500   1.0000          NULL 
100.0000    1    7.500   1.0000          SVOZ
107.5000    0    2.500   1.0000          NULL 
110.0000    3    7.500   1.0000            ZM
117.5000    3    7.500   1.0000            ZM
125.0000    3    7.500   1.0000            ZM
132.5000    0    2.500   1.0000          NULL 
135.0000    3    7.500   1.0000            ZM
142.5000    4    7.500   1.0000           FIL
150.0000    2    7.500   1.0000          SZVO
157.5000    0    5.000   1.0000          NULL 
162.5000    4    7.500   1.0000           FIL
170.0000    0    2.500   1.0000          NULL 
172.5000    3    7.500   1.0000            ZM
180.0000    3    7.500   1.0000            ZM
187.5000    0    2.500   1.0000          NULL 
190.0000    4    7.500   1.0000           FIL
197.5000    0    2.500   1.0000          NULL 
200.0000    4    7.500   1.0000           FIL
207.5000    0    5.000   1.0000          NULL 
212.5000    1    7.500   1.0000          SVOZ
220.0000    3    7.500   1.0000            ZM
227.5000    1    7.500   1.0000          SVOZ
235.0000    4    7.500   1.0000           FIL
242.5000    3    7.500   1.0000            ZM
250.0000    0    2.500   1.0000          NULL 
252.5000    2    7.500   1.0000          SZVO
260.0000    3    7.500   1.0000            ZM
267.5000    0    7.500   1.0000          NULL 
275.0000    3    7.500   1.0000            ZM
282.5000    1    7.500   1.0000          SVOZ
290.0000    3    7.500   1.0000            ZM
297.5000    3    7.500   1.0000            ZM
305.0000    2    7.500   1.0000          SZVO
312.5000    0   10.000   1.0000          NULL 
322.5000    2    7.500   1.0000          SZVO
330.0000    1    7.500   1.0000          SVOZ
337.5000    0    2.500   1.0000          NULL 
340.0000    3    7.500   1.0000            ZM
347.5000    0    2.500   1.0000          NULL 
350.0000    4    7.500   1.0000           FIL
357.5000    4    7.500   1.0000           FIL
365.0000    3    7.500   1.0000            ZM
372.5000    0    2.500   1.0000          NULL 
