  0.0000    2    7.500   1.0000          SZVO
  7.5000    0    2.500   1.0000          NULL 
 10.0000    3    7.500   1.0000            ZM
 17.5000    2    7.500   1.0000          SZVO
 25.0000    3    7.500   1.0000            ZM
 32.5000    0    2.500   1.0000          NULL 
 35.0000    2    7.500   1.0000          SZVO
 42.5000    1    7.500   1.0000          SVOZ
 50.0000    2    7.500   1.0000          SZVO
 57.5000    0    5.000   1.0000          NULL 
 62.5000    4    7.500   1.0000           FIL
 70.0000    2    7.500   1.0000          SZVO
 77.5000    0    2.500   1.0000          NULL 
 80.0000    4    7.500   1.0000           FIL
 87.5000    3    7.500   1.0000            ZM
 95.0000    0    5.000   1.0000          NULL 
100.0000    1    7.500   1.0000          SVOZ
107.5000    4    7.500   1.0000           FIL
115.0000    3    7.500   1.0000            ZM
122.5000    3    7.500   1.0000            ZM
130.0000    3    7.500   1.0000            ZM
137.5000    3    7.500   1.0000            ZM
145.0000    0    2.500   1.0000          NULL 
147.5000    4    7.500   1.0000           FIL
155.0000    3    7.500   1.0000            ZM
162.5000    4    7.500   1.0000           FIL
170.0000    1    7.500   1.0000          SVOZ
177.5000    0   10.000   1.0000          NULL 
187.5000    1    7.500   1.0000          SVOZ
195.0000    4    7.500   1.0000           FIL
202.5000    0    2.500   1.0000          NULL 
205.0000    2    7.500   1.0000          SZVO
212.5000    3    7.500   1.0000            ZM
220.0000    0   12.500   1.0000          NULL 
232.5000    1    7.500   1.0000          SVOZ
240.0000    0    2.500   1.0000          NULL 
242.5000    3    7.500   1.0000            ZM
250.0000    0    5.000   1.0000          NULL 
255.0000    3    7.500   1.0000            ZM
262.5000    3    7.500   1.0000            ZM
270.0000    0    2.500   1.0000          NULL 
272.5000    1    7.500   1.0000          SVOZ
280.0000    0    7.500   1.0000          NULL 
287.5000    3    7.500   1.0000            ZM
295.0000    1    7.500   1.0000          SVOZ
302.5000    4    7.500   1.0000           FIL
310.0000    1    7.500   1.0000          SVOZ
317.5000    3    7.500   1.0000            ZM
325.0000    4    7.500   1.0000           FIL
332.5000    0    5.000   1.0000          NULL 
337.5000    3    7.500   1.0000            ZM
345.0000    2    7.500   1.0000          SZVO
352.5000    0    2.500   1.0000          NULL 
355.0000    2    7.500   1.0000          SZVO
362.5000    0    5.000   1.0000          NULL 
367.5000    3    7.500   1.0000            ZM
