  0.0000    2    7.500   1.0000          SZVO
  7.5000    4    7.500   1.0000           FIL
 15.0000    1    7.500   1.0000          SVOZ
 22.5000    3    7.500   1.0000            ZM
 30.0000    0    5.000   1.0000          NULL 
 35.0000    1    7.500   1.0000          SVOZ
 42.5000    0    2.500   1.0000          NULL 
 45.0000    2    7.500   1.0000          SZVO
 52.5000    1    7.500   1.0000          SVOZ
 60.0000    0    5.000   1.0000          NULL 
 65.0000    2    7.500   1.0000          SZVO
 72.5000    3    7.500   1.0000            ZM
 80.0000    0    7.500   1.0000          NULL 
 87.5000    1    7.500   1.0000          SVOZ
 95.0000    2    7.500   1.0000          SZVO
102.5000    0    2.500   1.0000          NULL 
105.0000    3    7.500   1.0000            ZM
112.5000    1    7.500   1.0000          SVOZ
120.0000    3    7.500   1.0000            ZM
127.5000    0    2.500   1.0000          NULL 
130.0000    3    7.500   1.0000            ZM
137.5000    3    7.500   1.0000            ZM
145.0000    0    5.000   1.0000          NULL 
150.0000    3    7.500   1.0000            ZM
157.5000    3    7.500   1.0000            ZM
165.0000    4    7.500   1.0000           FIL
172.5000    2    7.500   1.0000          SZVO
180.0000    2    7.500   1.0000          SZVO
187.5000    3    7.500   1.0000            ZM
195.0000    2    7.500   1.0000          SZVO
202.5000    3    7.500   1.0000            ZM
210.0000    3    7.500   1.0000            ZM
217.5000    3    7.500   1.0000            ZM
225.0000    0    5.000   1.0000          NULL 
230.0000    4    7.500   1.0000           FIL
237.5000    3    7.500   1.0000            ZM
245.0000    1    7.500   1.0000          SVOZ
252.5000    0    7.500   1.0000          NULL 
260.0000    4    7.500   1.0000           FIL
267.5000    0    2.500   1.0000          NULL 
270.0000    4    7.500   1.0000           FIL
277.5000    0   20.000   1.0000          NULL 
297.5000    1    7.500   1.0000          SVOZ
305.0000    0    2.500   1.0000          NULL 
307.5000    3    7.500   1.0000            ZM
315.0000    2    7.500   1.0000          SZVO
322.5000    1    7.500   1.0000          SVOZ
330.0000    0    2.500   1.0000          NULL 
332.5000    4    7.500   1.0000           FIL
340.0000    0    2.500   1.0000          NULL 
342.5000    4    7.500   1.0000           FIL
350.0000    4    7.500   1.0000           FIL
357.5000    3    7.500   1.0000            ZM
365.0000    3    7.500   1.0000            ZM
372.5000    0    2.500   1.0000          NULL 
