  0.0000    2    7.500   1.0000          SZVO
  7.5000    0    2.500   1.0000          NULL 
 10.0000    3    7.500   1.0000            ZM
 17.5000    2    7.500   1.0000          SZVO
 25.0000    0    5.000   1.0000          NULL 
 30.0000    1    7.500   1.0000          SVOZ
 37.5000    0    5.000   1.0000          NULL 
 42.5000    1    7.500   1.0000          SVOZ
 50.0000    0    2.500   1.0000          NULL 
 52.5000    1    7.500   1.0000          SVOZ
 60.0000    3    7.500   1.0000            ZM
 67.5000    3    7.500   1.0000            ZM
 75.0000    0    2.500   1.0000          NULL 
 77.5000    2    7.500   1.0000          SZVO
 85.0000    0    7.500   1.0000          NULL 
 92.5000    3    7.500   1.0000            ZM
100.0000    2    7.500   1.0000          SZVO
107.5000    1    7.500   1.0000          SVOZ
115.0000    4    7.500   1.0000           FIL
122.5000    0    2.500   1.0000          NULL 
125.0000    1    7.500   1.0000          SVOZ
132.5000    3    7.500   1.0000            ZM
140.0000    0    2.500   1.0000          NULL 
142.5000    3    7.500   1.0000            ZM
150.0000    4    7.500   1.0000           FIL
157.5000    0    7.500   1.0000          NULL 
165.0000    3    7.500   1.0000            ZM
172.5000    3    7.500   1.0000            ZM
180.0000    3    7.500   1.0000            ZM
187.5000    0    2.500   1.0000          NULL 
190.0000    2    7.500   1.0000          SZVO
197.5000    3    7.500   1.0000            ZM
205.0000    0    5.000   1.0000          NULL 
210.0000    2    7.500   1.0000          SZVO
217.5000    0    2.500   1.0000          NULL 
220.0000    2    7.500   1.0000          SZVO
227.5000    1    7.500   1.0000          SVOZ
235.0000    0    5.000   1.0000          NULL 
240.0000    3    7.500   1.0000            ZM
247.5000    1    7.500   1.0000          SVOZ
255.0000    0    2.500   1.0000          NULL 
257.5000    3    7.500   1.0000            ZM
265.0000    4    7.500   1.0000           FIL
272.5000    4    7.500   1.0000           FIL
280.0000    2    7.500   1.0000          SZVO
287.5000    3    7.500   1.0000            ZM
295.0000    0    2.500   1.0000          NULL 
297.5000    3    7.500   1.0000            ZM
305.0000    3    7.500   1.0000            ZM
312.5000    4    7.500   1.0000           FIL
320.0000    0   10.000   1.0000          NULL 
330.0000    1    7.500   1.0000          SVOZ
337.5000    0    2.500   1.0000          NULL 
340.0000    3    7.500   1.0000            ZM
347.5000    4    7.500   1.0000           FIL
355.0000    4    7.500   1.0000           FIL
362.5000    4    7.500   1.0000           FIL
370.0000    0    5.000   1.0000          NULL 
