  0.0000    2    7.500   1.0000          SZVO
  7.5000    4    7.500   1.0000           FIL
 15.0000    0    2.500   1.0000          NULL 
 17.5000    4    7.500   1.0000           FIL
 25.0000    1    7.500   1.0000          SVOZ
 32.5000    0    2.500   1.0000          NULL 
 35.0000    2    7.500   1.0000          SZVO
 42.5000    1    7.500   1.0000          SVOZ
 50.0000    0    2.500   1.0000          NULL 
 52.5000    3    7.500   1.0000            ZM
 60.0000    2    7.500   1.0000          SZVO
 67.5000    2    7.500   1.0000          SZVO
 75.0000    0    5.000   1.0000          NULL 
 80.0000    2    7.500   1.0000          SZVO
 87.5000    0   12.500   1.0000          NULL 
100.0000    1    7.500   1.0000          SVOZ
107.5000    0    7.500   1.0000          NULL 
115.0000    3    7.500   1.0000            ZM
122.5000    2    7.500   1.0000          SZVO
130.0000    0    2.500   1.0000          NULL 
132.5000    3    7.500   1.0000            ZM
140.0000    0    5.000   1.0000          NULL 
145.0000    3    7.500   1.0000            ZM
152.5000    0    5.000   1.0000          NULL 
157.5000    1    7.500   1.0000          SVOZ
165.0000    0    5.000   1.0000          NULL 
170.0000    3    7.500   1.0000            ZM
177.5000    0    2.500   1.0000          NULL 
180.0000    4    7.500   1.0000           FIL
187.5000    3    7.500   1.0000            ZM
195.0000    0    5.000   1.0000          NULL 
200.0000    4    7.500   1.0000           FIL
207.5000    4    7.500   1.0000           FIL
215.0000    3    7.500   1.0000            ZM
222.5000    3    7.500   1.0000            ZM
230.0000    3    7.500   1.0000            ZM
237.5000    3    7.500   1.0000            ZM
245.0000    0    2.500   1.0000          NULL 
247.5000    4    7.500   1.0000           FIL
255.0000    0    2.500   1.0000          NULL 
257.5000    2    7.500   1.0000          SZVO
265.0000    0    2.500   1.0000          NULL 
267.5000    3    7.500   1.0000            ZM
275.0000    1    7.500   1.0000          SVOZ
282.5000    2    7.500   1.0000          SZVO
290.0000    3    7.500   1.0000            ZM
297.5000    0    2.500   1.0000          NULL 
300.0000    1    7.500   1.0000          SVOZ
307.5000    3    7.500   1.0000            ZM
315.0000    4    7.500   1.0000           FIL
322.5000    3    7.500   1.0000            ZM
330.0000    1    7.500   1.0000          SVOZ
337.5000    0    2.500   1.0000          NULL 
340.0000    1    7.500   1.0000          SVOZ
347.5000    3    7.500   1.0000            ZM
355.0000    3    7.500   1.0000            ZM
362.5000    4    7.500   1.0000           FIL
370.0000    0    5.000   1.0000          NULL 
