  0.0000    2    7.500   1.0000          SZVO
  7.5000    1    7.500   1.0000          SVOZ
 15.0000    0    2.500   1.0000          NULL 
 17.5000    4    7.500   1.0000           FIL
 25.0000    0    2.500   1.0000          NULL 
 27.5000    3    7.500   1.0000            ZM
 35.0000    4    7.500   1.0000           FIL
 42.5000    1    7.500   1.0000          SVOZ
 50.0000    0    5.000   1.0000          NULL 
 55.0000    2    7.500   1.0000          SZVO
 62.5000    3    7.500   1.0000            ZM
 70.0000    0    2.500   1.0000          NULL 
 72.5000    4    7.500   1.0000           FIL
 80.0000    0    5.000   1.0000          NULL 
 85.0000    3    7.500   1.0000            ZM
 92.5000    2    7.500   1.0000          SZVO
100.0000    3    7.500   1.0000            ZM
107.5000    3    7.500   1.0000            ZM
115.0000    3    7.500   1.0000            ZM
122.5000    3    7.500   1.0000            ZM
130.0000    3    7.500   1.0000            ZM
137.5000    0    2.500   1.0000          NULL 
140.0000    1    7.500   1.0000          SVOZ
147.5000    2    7.500   1.0000          SZVO
155.0000    0    7.500   1.0000          NULL 
162.5000    3    7.500   1.0000            ZM
170.0000    1    7.500   1.0000          SVOZ
177.5000    0    2.500   1.0000          NULL 
180.0000    3    7.500   1.0000            ZM
187.5000    1    7.500   1.0000          SVOZ
195.0000    0    5.000   1.0000          NULL 
200.0000    4    7.500   1.0000           FIL
207.5000    4    7.500   1.0000           FIL
215.0000    0    5.000   1.0000          NULL 
220.0000    2    7.500   1.0000          SZVO
227.5000    0    2.500   1.0000          NULL 
230.0000    1    7.500   1.0000          SVOZ
237.5000    3    7.500   1.0000            ZM
245.0000    4    7.500   1.0000           FIL
252.5000    0    5.000   1.0000          NULL 
257.5000    2    7.500   1.0000          SZVO
265.0000    0   10.000   1.0000          NULL 
275.0000    4    7.500   1.0000           FIL
282.5000    0    7.500   1.0000          NULL 
290.0000    2    7.500   1.0000          SZVO
297.5000    2    7.500   1.0000          SZVO
305.0000    0    2.500   1.0000          NULL 
307.5000    3    7.500   1.0000            ZM
315.0000    3    7.500   1.0000            ZM
322.5000    4    7.500   1.0000           FIL
330.0000    1    7.500   1.0000          SVOZ
337.5000    0    5.000   1.0000          NULL 
342.5000    3    7.500   1.0000            ZM
350.0000    0    2.500   1.0000          NULL 
352.5000    1    7.500   1.0000          SVOZ
360.0000    3    7.500   1.0000            ZM
367.5000    3    7.500   1.0000            ZM
