  0.0000    1    7.500   1.0000          SVOZ
  7.5000    0    2.500   1.0000          NULL 
 10.0000    1    7.500   1.0000          SVOZ
 17.5000    4    7.500   1.0000           FIL
 25.0000    2    7.500   1.0000          SZVO
 32.5000    2    7.500   1.0000          SZVO
 40.0000    0    5.000   1.0000          NULL 
 45.0000    2    7.500   1.0000          SZVO
 52.5000    3    7.500   1.0000            ZM
 60.0000    3    7.500   1.0000            ZM
 67.5000    0    2.500   1.0000          NULL 
 70.0000    3    7.500   1.0000            ZM
 77.5000    4    7.500   1.0000           FIL
 85.0000    3    7.500   1.0000            ZM
 92.5000    0    2.500   1.0000          NULL 
 95.0000    3    7.500   1.0000            ZM
102.5000    4    7.500   1.0000           FIL
110.0000    1    7.500   1.0000          SVOZ
117.5000    1    7.500   1.0000          SVOZ
125.0000    4    7.500   1.0000           FIL
132.5000    0    5.000   1.0000          NULL 
137.5000    3    7.500   1.0000            ZM
145.0000    3    7.500   1.0000            ZM
152.5000    2    7.500   1.0000          SZVO
160.0000    0    2.500   1.0000          NULL 
162.5000    3    7.500   1.0000            ZM
170.0000    0    2.500   1.0000          NULL 
172.5000    1    7.500   1.0000          SVOZ
180.0000    2    7.500   1.0000          SZVO
187.5000    3    7.500   1.0000            ZM
195.0000    0    5.000   1.0000          NULL 
200.0000    3    7.500   1.0000            ZM
207.5000    0   15.000   1.0000          NULL 
222.5000    2    7.500   1.0000          SZVO
230.0000    0    7.500   1.0000          NULL 
237.5000    2    7.500   1.0000          SZVO
245.0000    3    7.500   1.0000            ZM
252.5000    0    7.500   1.0000          NULL 
260.0000    4    7.500   1.0000           FIL
267.5000    1    7.500   1.0000          SVOZ
275.0000    3    7.500   1.0000            ZM
282.5000    3    7.500   1.0000            ZM
290.0000    1    7.500   1.0000          SVOZ
297.5000    0   10.000   1.0000          NULL 
307.5000    1    7.500   1.0000          SVOZ
315.0000    0    5.000   1.0000          NULL 
320.0000    4    7.500   1.0000           FIL
327.5000    2    7.500   1.0000          SZVO
335.0000    4    7.500   1.0000           FIL
342.5000    3    7.500   1.0000            ZM
350.0000    3    7.500   1.0000            ZM
357.5000    4    7.500   1.0000           FIL
365.0000    3    7.500   1.0000            ZM
372.5000    0    2.500   1.0000          NULL 
