  0.0000    2    7.500   1.0000          SZVO
  7.5000    3    7.500   1.0000            ZM
 15.0000    3    7.500   1.0000            ZM
 22.5000    1    7.500   1.0000          SVOZ
 30.0000    3    7.500   1.0000            ZM
 37.5000    3    7.500   1.0000            ZM
 45.0000    3    7.500   1.0000            ZM
 52.5000    0    2.500   1.0000          NULL 
 55.0000    1    7.500   1.0000          SVOZ
 62.5000    3    7.500   1.0000            ZM
 70.0000    0    2.500   1.0000          NULL 
 72.5000    2    7.500   1.0000          SZVO
 80.0000    0    2.500   1.0000          NULL 
 82.5000    1    7.500   1.0000          SVOZ
 90.0000    0    2.500   1.0000          NULL 
 92.5000    1    7.500   1.0000          SVOZ
100.0000    2    7.500   1.0000          SZVO
107.5000    0    2.500   1.0000          NULL 
110.0000    3    7.500   1.0000            ZM
117.5000    2    7.500   1.0000          SZVO
125.0000    0    5.000   1.0000          NULL 
130.0000    3    7.500   1.0000            ZM
137.5000    4    7.500   1.0000           FIL
145.0000    0    7.500   1.0000          NULL 
152.5000    1    7.500   1.0000          SVOZ
160.0000    0    5.000   1.0000          NULL 
165.0000    2    7.500   1.0000          SZVO
172.5000    3    7.500   1.0000            ZM
180.0000    0    7.500   1.0000          NULL 
187.5000    3    7.500   1.0000            ZM
195.0000    3    7.500   1.0000            ZM
202.5000    0    5.000   1.0000          NULL 
207.5000    2    7.500   1.0000          SZVO
215.0000    1    7.500   1.0000          SVOZ
222.5000    0    5.000   1.0000          NULL 
227.5000    1    7.500   1.0000          SVOZ
235.0000    0    2.500   1.0000          NULL 
237.5000    3    7.500   1.0000            ZM
245.0000    4    7.500   1.0000           FIL
252.5000    4    7.500   1.0000           FIL
260.0000    4    7.500   1.0000           FIL
267.5000    2    7.500   1.0000          SZVO
275.0000    0   12.500   1.0000          NULL 
287.5000    2    7.500   1.0000          SZVO
295.0000    4    7.500   1.0000           FIL
302.5000    0    2.500   1.0000          NULL 
305.0000    3    7.500   1.0000            ZM
312.5000    0    2.500   1.0000          NULL 
315.0000    4    7.500   1.0000           FIL
322.5000    0    2.500   1.0000          NULL 
325.0000    1    7.500   1.0000          SVOZ
332.5000    3    7.500   1.0000            ZM
340.0000    0    5.000   1.0000          NULL 
345.0000    3    7.500   1.0000            ZM
352.5000    3    7.500   1.0000            ZM
360.0000    4    7.500   1.0000           FIL
367.5000    4    7.500   1.0000           FIL
