  0.0000    2    7.500   1.0000          SZVO
  7.5000    0   10.000   1.0000          NULL 
 17.5000    2    7.500   1.0000          SZVO
 25.0000    1    7.500   1.0000          SVOZ
 32.5000    3    7.500   1.0000            ZM
 40.0000    2    7.500   1.0000          SZVO
 47.5000    2    7.500   1.0000          SZVO
 55.0000    3    7.500   1.0000            ZM
 62.5000    0    2.500   1.0000          NULL 
 65.0000    3    7.500   1.0000            ZM
 72.5000    3    7.500   1.0000            ZM
 80.0000    3    7.500   1.0000            ZM
 87.5000    4    7.500   1.0000           FIL
 95.0000    0    2.500   1.0000          NULL 
 97.5000    4    7.500   1.0000           FIL
105.0000    0    2.500   1.0000          NULL 
107.5000    3    7.500   1.0000            ZM
115.0000    0    2.500   1.0000          NULL 
117.5000    2    7.500   1.0000          SZVO
125.0000    3    7.500   1.0000            ZM
132.5000    0    5.000   1.0000          NULL 
137.5000    1    7.500   1.0000          SVOZ
145.0000    1    7.500   1.0000          SVOZ
152.5000    0    5.000   1.0000          NULL 
157.5000    3    7.500   1.0000            ZM
165.0000    3    7.500   1.0000            ZM
172.5000    0    2.500   1.0000          NULL 
175.0000    1    7.500   1.0000          SVOZ
182.5000    0    2.500   1.0000          NULL 
185.0000    3    7.500   1.0000            ZM
192.5000    0    2.500   1.0000          NULL 
195.0000    4    7.500   1.0000           FIL
202.5000    3    7.500   1.0000            ZM
210.0000    0    7.500   1.0000          NULL 
217.5000    4    7.500   1.0000           FIL
225.0000    0    5.000   1.0000          NULL 
230.0000    1    7.500   1.0000          SVOZ
237.5000    0    2.500   1.0000          NULL 
240.0000    1    7.500   1.0000          SVOZ
247.5000    0    2.500   1.0000          NULL 
250.0000    2    7.500   1.0000          SZVO
257.5000    0    2.500   1.0000          NULL 
260.0000    3    7.500   1.0000            ZM
267.5000    3    7.500   1.0000            ZM
275.0000    4    7.500   1.0000           FIL
282.5000    4    7.500   1.0000           FIL
290.0000    4    7.500   1.0000           FIL
297.5000    0    2.500   1.0000          NULL 
300.0000    2    7.500   1.0000          SZVO
307.5000    4    7.500   1.0000           FIL
315.0000    0    5.000   1.0000          NULL 
320.0000    3    7.500   1.0000            ZM
327.5000    1    7.500   1.0000          SVOZ
335.0000    2    7.500   1.0000          SZVO
342.5000    0    2.500   1.0000          NULL 
345.0000    3    7.500   1.0000            ZM
352.5000    1    7.500   1.0000          SVOZ
360.0000    0    7.500   1.0000          NULL 
367.5000    3    7.500   1.0000            ZM
