  0.0000    2    7.500   1.0000          SZVO
  7.5000    1    7.500   1.0000          SVOZ
 15.0000    1    7.500   1.0000          SVOZ
 22.5000    3    7.500   1.0000            ZM
 30.0000    1    7.500   1.0000          SVOZ
 37.5000    4    7.500   1.0000           FIL
 45.0000    0    5.000   1.0000          NULL 
 50.0000    2    7.500   1.0000          SZVO
 57.5000    0    5.000   1.0000          NULL 
 62.5000    3    7.500   1.0000            ZM
 70.0000    1    7.500   1.0000          SVOZ
 77.5000    2    7.500   1.0000          SZVO
 85.0000    0    5.000   1.0000          NULL 
 90.0000    1    7.500   1.0000          SVOZ
 97.5000    0    2.500   1.0000          NULL 
100.0000    1    7.500   1.0000          SVOZ
107.5000    0    2.500   1.0000          NULL 
110.0000    4    7.500   1.0000           FIL
117.5000    0    7.500   1.0000          NULL 
125.0000    2    7.500   1.0000          SZVO
132.5000    0    2.500   1.0000          NULL 
135.0000    3    7.500   1.0000            ZM
142.5000    0    2.500   1.0000          NULL 
145.0000    2    7.500   1.0000          SZVO
152.5000    3    7.500   1.0000            ZM
160.0000    3    7.500   1.0000            ZM
167.5000    3    7.500   1.0000            ZM
175.0000    3    7.500   1.0000            ZM
182.5000    4    7.500   1.0000           FIL
190.0000    0    5.000   1.0000          NULL 
195.0000    3    7.500   1.0000            ZM
202.5000    3    7.500   1.0000            ZM
210.0000    3    7.500   1.0000            ZM
217.5000    4    7.500   1.0000           FIL
225.0000    3    7.500   1.0000            ZM
232.5000    3    7.500   1.0000            ZM
240.0000    3    7.500   1.0000            ZM
247.5000    0    2.500   1.0000          NULL 
250.0000    3    7.500   1.0000            ZM
257.5000    2    7.500   1.0000          SZVO
265.0000    3    7.500   1.0000            ZM
272.5000    0    7.500   1.0000          NULL 
280.0000    4    7.500   1.0000           FIL
287.5000    0    2.500   1.0000          NULL 
290.0000    2    7.500   1.0000          SZVO
297.5000    4    7.500   1.0000           FIL
305.0000    0    2.500   1.0000          NULL 
307.5000    2    7.500   1.0000          SZVO
315.0000    0    2.500   1.0000          NULL 
317.5000    4    7.500   1.0000           FIL
325.0000    0    2.500   1.0000          NULL 
327.5000    3    7.500   1.0000            ZM
335.0000    1    7.500   1.0000          SVOZ
342.5000    0    7.500   1.0000          NULL 
350.0000    4    7.500   1.0000           FIL
357.5000    1    7.500   1.0000          SVOZ
365.0000    0   10.000   1.0000          NULL 
