  0.0000    3    7.500   1.0000            ZM
  7.5000    0    2.500   1.0000          NULL 
 10.0000    2    7.500   1.0000          SZVO
 17.5000    0   12.500   1.0000          NULL 
 30.0000    1    7.500   1.0000          SVOZ
 37.5000    2    7.500   1.0000          SZVO
 45.0000    0    5.000   1.0000          NULL 
 50.0000    2    7.500   1.0000          SZVO
 57.5000    0   10.000   1.0000          NULL 
 67.5000    1    7.500   1.0000          SVOZ
 75.0000    3    7.500   1.0000            ZM
 82.5000    2    7.500   1.0000          SZVO
 90.0000    4    7.500   1.0000           FIL
 97.5000    3    7.500   1.0000            ZM
105.0000    3    7.500   1.0000            ZM
112.5000    2    7.500   1.0000          SZVO
120.0000    0    2.500   1.0000          NULL 
122.5000    3    7.500   1.0000            ZM
130.0000    3    7.500   1.0000            ZM
137.5000    3    7.500   1.0000            ZM
145.0000    0    5.000   1.0000          NULL 
150.0000    3    7.500   1.0000            ZM
157.5000    0    2.500   1.0000          NULL 
160.0000    1    7.500   1.0000          SVOZ
167.5000    1    7.500   1.0000          SVOZ
175.0000    4    7.500   1.0000           FIL
182.5000    3    7.500   1.0000            ZM
190.0000    0    2.500   1.0000          NULL 
192.5000    4    7.500   1.0000           FIL
200.0000    2    7.500   1.0000          SZVO
207.5000    0    2.500   1.0000          NULL 
210.0000    1    7.500   1.0000          SVOZ
217.5000    3    7.500   1.0000            ZM
225.0000    0    2.500   1.0000          NULL 
227.5000    3    7.500   1.0000            ZM
235.0000    3    7.500   1.0000            ZM
242.5000    4    7.500   1.0000           FIL
250.0000    1    7.500   1.0000          SVOZ
257.5000    0    5.000   1.0000          NULL 
262.5000    1    7.500   1.0000          SVOZ
270.0000    0    2.500   1.0000          NULL 
272.5000    4    7.500   1.0000           FIL
280.0000    0    2.500   1.0000          NULL 
282.5000    2    7.500   1.0000          SZVO
290.0000    3    7.500   1.0000            ZM
297.5000    4    7.500   1.0000           FIL
305.0000    4    7.500   1.0000           FIL
312.5000    0   10.000   1.0000          NULL 
322.5000    1    7.500   1.0000          SVOZ
330.0000    0    2.500   1.0000          NULL 
332.5000    3    7.500   1.0000            ZM
340.0000    3    7.500   1.0000            ZM
347.5000    0    5.000   1.0000          NULL 
352.5000    4    7.500   1.0000           FIL
360.0000    3    7.500   1.0000            ZM
367.5000    2    7.500   1.0000          SZVO
