  0.0000    2    7.500   1.0000          SZVO
  7.5000    0    7.500   1.0000          NULL 
 15.0000    1    7.500   1.0000          SVOZ
 22.5000    2    7.500   1.0000          SZVO
 30.0000    0    7.500   1.0000          NULL 
 37.5000    1    7.500   1.0000          SVOZ
 45.0000    3    7.500   1.0000            ZM
 52.5000    3    7.500   1.0000            ZM
 60.0000    1    7.500   1.0000          SVOZ
 67.5000    0    2.500   1.0000          NULL 
 70.0000    3    7.500   1.0000            ZM
 77.5000    3    7.500   1.0000            ZM
 85.0000    2    7.500   1.0000          SZVO
 92.5000    0    2.500   1.0000          NULL 
 95.0000    1    7.500   1.0000          SVOZ
102.5000    3    7.500   1.0000            ZM
110.0000    4    7.500   1.0000           FIL
117.5000    3    7.500   1.0000            ZM
125.0000    0    5.000   1.0000          NULL 
130.0000    2    7.500   1.0000          SZVO
137.5000    3    7.500   1.0000            ZM
145.0000    0    5.000   1.0000          NULL 
150.0000    4    7.500   1.0000           FIL
157.5000    1    7.500   1.0000          SVOZ
165.0000    3    7.500   1.0000            ZM
172.5000    3    7.500   1.0000            ZM
180.0000    2    7.500   1.0000          SZVO
187.5000    4    7.500   1.0000           FIL
195.0000    0    5.000   1.0000          NULL 
200.0000    3    7.500   1.0000            ZM
207.5000    0    7.500   1.0000          NULL 
215.0000    3    7.500   1.0000            ZM
222.5000    0    2.500   1.0000          NULL 
225.0000    3    7.500   1.0000            ZM
232.5000    2    7.500   1.0000          SZVO
240.0000    0   10.000   1.0000          NULL 
250.0000    1    7.500   1.0000          SVOZ
257.5000    0    2.500   1.0000          NULL 
260.0000    1    7.500   1.0000          SVOZ
267.5000    0    5.000   1.0000          NULL 
272.5000    4    7.500   1.0000           FIL
280.0000    0    2.500   1.0000          NULL 
282.5000    4    7.500   1.0000           FIL
290.0000    2    7.500   1.0000          SZVO
297.5000    0    2.500   1.0000          NULL 
300.0000    3    7.500   1.0000            ZM
307.5000    0    2.500   1.0000          NULL 
310.0000    4    7.500   1.0000           FIL
317.5000    3    7.500   1.0000            ZM
325.0000    0    2.500   1.0000          NULL 
327.5000    2    7.500   1.0000          SZVO
335.0000    1    7.500   1.0000          SVOZ
342.5000    4    7.500   1.0000           FIL
350.0000    3    7.500   1.0000            ZM
357.5000    3    7.500   1.0000            ZM
365.0000    0    2.500   1.0000          NULL 
367.5000    4    7.500   1.0000           FIL
