  0.0000    4    7.500   1.0000           FIL
  7.5000    3    7.500   1.0000            ZM
 15.0000    0    5.000   1.0000          NULL 
 20.0000    3    7.500   1.0000            ZM
 27.5000    1    7.500   1.0000          SVOZ
 35.0000    0    5.000   1.0000          NULL 
 40.0000    2    7.500   1.0000          SZVO
 47.5000    0    7.500   1.0000          NULL 
 55.0000    2    7.500   1.0000          SZVO
 62.5000    0    2.500   1.0000          NULL 
 65.0000    3    7.500   1.0000            ZM
 72.5000    3    7.500   1.0000            ZM
 80.0000    4    7.500   1.0000           FIL
 87.5000    3    7.500   1.0000            ZM
 95.0000    2    7.500   1.0000          SZVO
102.5000    2    7.500   1.0000          SZVO
110.0000    1    7.500   1.0000          SVOZ
117.5000    4    7.500   1.0000           FIL
125.0000    0    2.500   1.0000          NULL 
127.5000    4    7.500   1.0000           FIL
135.0000    4    7.500   1.0000           FIL
142.5000    3    7.500   1.0000            ZM
150.0000    0   12.500   1.0000          NULL 
162.5000    1    7.500   1.0000          SVOZ
170.0000    0   10.000   1.0000          NULL 
180.0000    1    7.500   1.0000          SVOZ
187.5000    2    7.500   1.0000          SZVO
195.0000    0    7.500   1.0000          NULL 
202.5000    3    7.500   1.0000            ZM
210.0000    3    7.500   1.0000            ZM
217.5000    2    7.500   1.0000          SZVO
225.0000    4    7.500   1.0000           FIL
232.5000    2    7.500   1.0000          SZVO
240.0000    0    5.000   1.0000          NULL 
245.0000    4    7.500   1.0000           FIL
252.5000    1    7.500   1.0000          SVOZ
260.0000    0    2.500   1.0000          NULL 
262.5000    1    7.500   1.0000          SVOZ
270.0000    0    5.000   1.0000          NULL 
275.0000    3    7.500   1.0000            ZM
282.5000    3    7.500   1.0000            ZM
290.0000    3    7.500   1.0000            ZM
297.5000    3    7.500   1.0000            ZM
305.0000    1    7.500   1.0000          SVOZ
312.5000    3    7.500   1.0000            ZM
320.0000    4    7.500   1.0000           FIL
327.5000    3    7.500   1.0000            ZM
335.0000    0    2.500   1.0000          NULL 
337.5000    2    7.500   1.0000          SZVO
345.0000    3    7.500   1.0000            ZM
352.5000    3    7.500   1.0000            ZM
360.0000    1    7.500   1.0000          SVOZ
367.5000    0    7.500   1.0000          NULL 
