  0.0000    3    7.500   1.0000            ZM
  7.5000    3    7.500   1.0000            ZM
 15.0000    2    7.500   1.0000          SZVO
 22.5000    3    7.500   1.0000            ZM
 30.0000    1    7.500   1.0000          SVOZ
 37.5000    2    7.500   1.0000          SZVO
 45.0000    1    7.500   1.0000          SVOZ
 52.5000    0    7.500   1.0000          NULL 
 60.0000    4    7.500   1.0000           FIL
 67.5000    2    7.500   1.0000          SZVO
 75.0000    0    7.500   1.0000          NULL 
 82.5000    2    7.500   1.0000          SZVO
 90.0000    3    7.500   1.0000            ZM
 97.5000    4    7.500   1.0000           FIL
105.0000    0    2.500   1.0000          NULL 
107.5000    4    7.500   1.0000           FIL
115.0000    1    7.500   1.0000          SVOZ
122.5000    0    2.500   1.0000          NULL 
125.0000    3    7.500   1.0000            ZM
132.5000    4    7.500   1.0000           FIL
140.0000    0    7.500   1.0000          NULL 
147.5000    3    7.500   1.0000            ZM
155.0000    0    5.000   1.0000          NULL 
160.0000    2    7.500   1.0000          SZVO
167.5000    1    7.500   1.0000          SVOZ
175.0000    4    7.500   1.0000           FIL
182.5000    0    2.500   1.0000          NULL 
185.0000    1    7.500   1.0000          SVOZ
192.5000    0   10.000   1.0000          NULL 
202.5000    1    7.500   1.0000          SVOZ
210.0000    4    7.500   1.0000           FIL
217.5000    3    7.500   1.0000            ZM
225.0000    2    7.500   1.0000          SZVO
232.5000    2    7.500   1.0000          SZVO
240.0000    3    7.500   1.0000            ZM
247.5000    3    7.500   1.0000            ZM
255.0000    0    2.500   1.0000          NULL 
257.5000    1    7.500   1.0000          SVOZ
265.0000    4    7.500   1.0000           FIL
272.5000    3    7.500   1.0000            ZM
280.0000    0    2.500   1.0000          NULL 
282.5000    3    7.500   1.0000            ZM
290.0000    3    7.500   1.0000            ZM
297.5000    1    7.500   1.0000          SVOZ
305.0000    3    7.500   1.0000            ZM
312.5000    3    7.500   1.0000            ZM
320.0000    3    7.500   1.0000            ZM
327.5000    4    7.500   1.0000           FIL
335.0000    0    7.500   1.0000          NULL 
342.5000    3    7.500   1.0000            ZM
350.0000    0    2.500   1.0000          NULL 
352.5000    2    7.500   1.0000          SZVO
360.0000    0   15.000   1.0000          NULL 
