  0.0000    2    7.500   1.0000          SZVO
  7.5000    1    7.500   1.0000          SVOZ
 15.0000    0    2.500   1.0000          NULL 
 17.5000    4    7.500   1.0000           FIL
 25.0000    0    5.000   1.0000          NULL 
 30.0000    3    7.500   1.0000            ZM
 37.5000    1    7.500   1.0000          SVOZ
 45.0000    0    2.500   1.0000          NULL 
 47.5000    1    7.500   1.0000          SVOZ
 55.0000    0    5.000   1.0000          NULL 
 60.0000    4    7.500   1.0000           FIL
 67.5000    2    7.500   1.0000          SZVO
 75.0000    0    7.500   1.0000          NULL 
 82.5000    2    7.500   1.0000          SZVO
 90.0000    3    7.500   1.0000            ZM
 97.5000    3    7.500   1.0000            ZM
105.0000    0    2.500   1.0000          NULL 
107.5000    4    7.500   1.0000           FIL
115.0000    3    7.500   1.0000            ZM
122.5000    0    2.500   1.0000          NULL 
125.0000    1    7.500   1.0000          SVOZ
132.5000    2    7.500   1.0000          SZVO
140.0000    3    7.500   1.0000            ZM
147.5000    1    7.500   1.0000          SVOZ
155.0000    0    2.500   1.0000          NULL 
157.5000    3    7.500   1.0000            ZM
165.0000    0    2.500   1.0000          NULL 
167.5000    4    7.500   1.0000           FIL
175.0000    1    7.500   1.0000          SVOZ
182.5000    3    7.500   1.0000            ZM
190.0000    0    5.000   1.0000          NULL 
195.0000    1    7.500   1.0000          SVOZ
202.5000    4    7.500   1.0000           FIL
210.0000    0    2.500   1.0000          NULL 
212.5000    4    7.500   1.0000           FIL
220.0000    0    5.000   1.0000          NULL 
225.0000    3    7.500   1.0000            ZM
232.5000    2    7.500   1.0000          SZVO
240.0000    0    5.000   1.0000          NULL 
245.0000    3    7.500   1.0000            ZM
252.5000    3    7.500   1.0000            ZM
260.0000    3    7.500   1.0000            ZM
267.5000    1    7.500   1.0000          SVOZ
275.0000    0    7.500   1.0000          NULL 
282.5000    3    7.500   1.0000            ZM
290.0000    3    7.500   1.0000            ZM
297.5000    3    7.500   1.0000            ZM
305.0000    0    2.500   1.0000          NULL 
307.5000    3    7.500   1.0000            ZM
315.0000    0    2.500   1.0000          NULL 
317.5000    4    7.500   1.0000           FIL
325.0000    0    2.500   1.0000          NULL 
327.5000    3    7.500   1.0000            ZM
335.0000    2    7.500   1.0000          SZVO
342.5000    0    2.500   1.0000          NULL 
345.0000    2    7.500   1.0000          SZVO
352.5000    0    5.000   1.0000          NULL 
357.5000    2    7.500   1.0000          SZVO
365.0000    4    7.500   1.0000           FIL
372.5000    0    2.500   1.0000          NULL 
