  0.0000    4    7.500   1.0000           FIL
  7.5000    2    7.500   1.0000          SZVO
 15.0000    0    2.500   1.0000          NULL 
 17.5000    3    7.500   1.0000            ZM
 25.0000    1    7.500   1.0000          SVOZ
 32.5000    2    7.500   1.0000          SZVO
 40.0000    0    2.500   1.0000          NULL 
 42.5000    3    7.500   1.0000            ZM
 50.0000    3    7.500   1.0000            ZM
 57.5000    3    7.500   1.0000            ZM
 65.0000    3    7.500   1.0000            ZM
 72.5000    0    2.500   1.0000          NULL 
 75.0000    3    7.500   1.0000            ZM
 82.5000    0    2.500   1.0000          NULL 
 85.0000    2    7.500   1.0000          SZVO
 92.5000    0    2.500   1.0000          NULL 
 95.0000    2    7.500   1.0000          SZVO
102.5000    4    7.500   1.0000           FIL
110.0000    0   10.000   1.0000          NULL 
120.0000    2    7.500   1.0000          SZVO
127.5000    1    7.500   1.0000          SVOZ
135.0000    1    7.500   1.0000          SVOZ
142.5000    0    5.000   1.0000          NULL 
147.5000    4    7.500   1.0000           FIL
155.0000    3    7.500   1.0000            ZM
162.5000    0    2.500   1.0000          NULL 
165.0000    2    7.500   1.0000          SZVO
172.5000    3    7.500   1.0000            ZM
180.0000    3    7.500   1.0000            ZM
187.5000    0    2.500   1.0000          NULL 
190.0000    3    7.500   1.0000            ZM
197.5000    1    7.500   1.0000          SVOZ
205.0000    3    7.500   1.0000            ZM
212.5000    1    7.500   1.0000          SVOZ
220.0000    0    2.500   1.0000          NULL 
222.5000    4    7.500   1.0000           FIL
230.0000    0    5.000   1.0000          NULL 
235.0000    3    7.500   1.0000            ZM
242.5000    1    7.500   1.0000          SVOZ
250.0000    0    5.000   1.0000          NULL 
255.0000    1    7.500   1.0000          SVOZ
262.5000    0    2.500   1.0000          NULL 
265.0000    2    7.500   1.0000          SZVO
272.5000    4    7.500   1.0000           FIL
280.0000    3    7.500   1.0000            ZM
287.5000    0    5.000   1.0000          NULL 
292.5000    4    7.500   1.0000           FIL
300.0000    2    7.500   1.0000          SZVO
307.5000    0    5.000   1.0000          NULL 
312.5000    4    7.500   1.0000           FIL
320.0000    0    7.500   1.0000          NULL 
327.5000    1    7.500   1.0000          SVOZ
335.0000    3    7.500   1.0000            ZM
342.5000    3    7.500   1.0000            ZM
350.0000    0    2.500   1.0000          NULL 
352.5000    3    7.500   1.0000            ZM
360.0000    0    2.500   1.0000          NULL 
362.5000    4    7.500   1.0000           FIL
370.0000    0    5.000   1.0000          NULL 
