  0.0000    4    7.500   1.0000           FIL
  7.5000    3    7.500   1.0000            ZM
 15.0000    4    7.500   1.0000           FIL
 22.5000    3    7.500   1.0000            ZM
 30.0000    3    7.500   1.0000            ZM
 37.5000    0    2.500   1.0000          NULL 
 40.0000    2    7.500   1.0000          SZVO
 47.5000    2    7.500   1.0000          SZVO
 55.0000    1    7.500   1.0000          SVOZ
 62.5000    4    7.500   1.0000           FIL
 70.0000    3    7.500   1.0000            ZM
 77.5000    2    7.500   1.0000          SZVO
 85.0000    0    2.500   1.0000          NULL 
 87.5000    3    7.500   1.0000            ZM
 95.0000    3    7.500   1.0000            ZM
102.5000    1    7.500   1.0000          SVOZ
110.0000    0    5.000   1.0000          NULL 
115.0000    3    7.500   1.0000            ZM
122.5000    4    7.500   1.0000           FIL
130.0000    4    7.500   1.0000           FIL
137.5000    2    7.500   1.0000          SZVO
145.0000    3    7.500   1.0000            ZM
152.5000    0    7.500   1.0000          NULL 
160.0000    1    7.500   1.0000          SVOZ
167.5000    3    7.500   1.0000            ZM
175.0000    0    2.500   1.0000          NULL 
177.5000    3    7.500   1.0000            ZM
185.0000    3    7.500   1.0000            ZM
192.5000    3    7.500   1.0000            ZM
200.0000    3    7.500   1.0000            ZM
207.5000    4    7.500   1.0000           FIL
215.0000    1    7.500   1.0000          SVOZ
222.5000    0    7.500   1.0000          NULL 
230.0000    2    7.500   1.0000          SZVO
237.5000    0    2.500   1.0000          NULL 
240.0000    2    7.500   1.0000          SZVO
247.5000    0    2.500   1.0000          NULL 
250.0000    1    7.500   1.0000          SVOZ
257.5000    1    7.500   1.0000          SVOZ
265.0000    0   10.000   1.0000          NULL 
275.0000    1    7.500   1.0000          SVOZ
282.5000    2    7.500   1.0000          SZVO
290.0000    0    2.500   1.0000          NULL 
292.5000    2    7.500   1.0000          SZVO
300.0000    0    5.000   1.0000          NULL 
305.0000    1    7.500   1.0000          SVOZ
312.5000    4    7.500   1.0000           FIL
320.0000    0   15.000   1.0000          NULL 
335.0000    3    7.500   1.0000            ZM
342.5000    4    7.500   1.0000           FIL
350.0000    0    5.000   1.0000          NULL 
355.0000    3    7.500   1.0000            ZM
362.5000    0    2.500   1.0000          NULL 
365.0000    3    7.500   1.0000            ZM
372.5000    0    2.500   1.0000          NULL 
