  0.0000    2    7.500   1.0000          SZVO
  7.5000    3    7.500   1.0000            ZM
 15.0000    1    7.500   1.0000          SVOZ
 22.5000    0   12.500   1.0000          NULL 
 35.0000    1    7.500   1.0000          SVOZ
 42.5000    4    7.500   1.0000           FIL
 50.0000    0    5.000   1.0000          NULL 
 55.0000    2    7.500   1.0000          SZVO
 62.5000    0    5.000   1.0000          NULL 
 67.5000    2    7.500   1.0000          SZVO
 75.0000    0    2.500   1.0000          NULL 
 77.5000    3    7.500   1.0000            ZM
 85.0000    3    7.500   1.0000            ZM
 92.5000    3    7.500   1.0000            ZM
100.0000    0    2.500   1.0000          NULL 
102.5000    2    7.500   1.0000          SZVO
110.0000    3    7.500   1.0000            ZM
117.5000    4    7.500   1.0000           FIL
125.0000    0    7.500   1.0000          NULL 
132.5000    2    7.500   1.0000          SZVO
140.0000    1    7.500   1.0000          SVOZ
147.5000    3    7.500   1.0000            ZM
155.0000    3    7.500   1.0000            ZM
162.5000    3    7.500   1.0000            ZM
170.0000    4    7.500   1.0000           FIL
177.5000    4    7.500   1.0000           FIL
185.0000    0    5.000   1.0000          NULL 
190.0000    3    7.500   1.0000            ZM
197.5000    4    7.500   1.0000           FIL
205.0000    4    7.500   1.0000           FIL
212.5000    0   12.500   1.0000          NULL 
225.0000    1    7.500   1.0000          SVOZ
232.5000    3    7.500   1.0000            ZM
240.0000    0    2.500   1.0000          NULL 
242.5000    3    7.500   1.0000            ZM
250.0000    2    7.500   1.0000          SZVO
257.5000    1    7.500   1.0000          SVOZ
265.0000    0    2.500   1.0000          NULL 
267.5000    4    7.500   1.0000           FIL
275.0000    0    7.500   1.0000          NULL 
282.5000    1    7.500   1.0000          SVOZ
290.0000    0   10.000   1.0000          NULL 
300.0000    1    7.500   1.0000          SVOZ
307.5000    2    7.500   1.0000          SZVO
315.0000    4    7.500   1.0000           FIL
322.5000    3    7.500   1.0000            ZM
330.0000    1    7.500   1.0000          SVOZ
337.5000    2    7.500   1.0000          SZVO
345.0000    3    7.500   1.0000            ZM
352.5000    3    7.500   1.0000            ZM
360.0000    3    7.500   1.0000            ZM
367.5000    3    7.500   1.0000            ZM
