  0.0000    2    7.500   1.0000          SZVO
  7.5000    2    7.500   1.0000          SZVO
 15.0000    0   12.500   1.0000          NULL 
 27.5000    2    7.500   1.0000          SZVO
 35.0000    3    7.500   1.0000            ZM
 42.5000    2    7.500   1.0000          SZVO
 50.0000    0    7.500   1.0000          NULL 
 57.5000    1    7.500   1.0000          SVOZ
 65.0000    2    7.500   1.0000          SZVO
 72.5000    0    2.500   1.0000          NULL 
 75.0000    3    7.500   1.0000            ZM
 82.5000    1    7.500   1.0000          SVOZ
 90.0000    0    2.500   1.0000          NULL 
 92.5000    3    7.500   1.0000            ZM
100.0000    3    7.500   1.0000            ZM
107.5000    1    7.500   1.0000          SVOZ
115.0000    0    2.500   1.0000          NULL 
117.5000    4    7.500   1.0000           FIL
125.0000    0    2.500   1.0000          NULL 
127.5000    1    7.500   1.0000          SVOZ
135.0000    0    2.500   1.0000          NULL 
137.5000    2    7.500   1.0000          SZVO
145.0000    0    2.500   1.0000          NULL 
147.5000    1    7.500   1.0000          SVOZ
155.0000    4    7.500   1.0000           FIL
162.5000    4    7.500   1.0000           FIL
170.0000    3    7.500   1.0000            ZM
177.5000    3    7.500   1.0000            ZM
185.0000    3    7.500   1.0000            ZM
192.5000    4    7.500   1.0000           FIL
200.0000    1    7.500   1.0000          SVOZ
207.5000    1    7.500   1.0000          SVOZ
215.0000    0    2.500   1.0000          NULL 
217.5000    3    7.500   1.0000            ZM
225.0000    4    7.500   1.0000           FIL
232.5000    0    2.500   1.0000          NULL 
235.0000    4    7.500   1.0000           FIL
242.5000    3    7.500   1.0000            ZM
250.0000    0   10.000   1.0000          NULL 
260.0000    2    7.500   1.0000          SZVO
267.5000    0    2.500   1.0000          NULL 
270.0000    1    7.500   1.0000          SVOZ
277.5000    3    7.500   1.0000            ZM
285.0000    0    7.500   1.0000          NULL 
292.5000    2    7.500   1.0000          SZVO
300.0000    3    7.500   1.0000            ZM
307.5000    3    7.500   1.0000            ZM
315.0000    0    5.000   1.0000          NULL 
320.0000    3    7.500   1.0000            ZM
327.5000    3    7.500   1.0000            ZM
335.0000    0    5.000   1.0000          NULL 
340.0000    3    7.500   1.0000            ZM
347.5000    0    2.500   1.0000          NULL 
350.0000    3    7.500   1.0000            ZM
357.5000    0    2.500   1.0000          NULL 
360.0000    4    7.500   1.0000           FIL
367.5000    4    7.500   1.0000           FIL
